SM:2021-09-04T21:37:45.5252754Z
LM:2021-09-04T21:39:03.2765720Z
CT:image/jpeg
MA:2592000
CL:1290372
