SM:2021-09-04T21:37:45.5101987Z
LM:2021-09-04T21:37:59.3285990Z
CT:image/jpeg
MA:2592000
CL:516667
