SM:2021-09-09T08:41:10.7444142Z
LM:2021-09-09T16:46:07.0778254Z
CT:image/jpeg
MA:2592000
CL:516667
