SM:2021-09-07T11:42:57.9213908Z
LM:2021-09-07T11:56:40.4678616Z
CT:image/jpeg
MA:2592000
CL:516667
