SM:2021-09-09T08:41:10.7374086Z
LM:2021-09-09T17:00:24.2010405Z
CT:image/jpeg
MA:2592000
CL:1093856
