SM:2021-09-04T21:37:45.4850869Z
LM:2021-09-04T21:38:56.4358740Z
CT:image/jpeg
MA:2592000
CL:1093856
